0 inf inf inf inf inf inf inf inf inf inf inf inf 
inf 0 11 10 7 9 15 14 9 4 13 12 14 
inf 11 0 15 17 8 23 6 20 15 24 23 25 
inf 10 15 0 8 19 18 19 18 6 23 21 23 
inf 7 17 8 0 16 10 11 16 11 20 13 20 
inf 9 8 19 16 0 15 5 18 13 22 18 23 
inf 15 23 18 10 15 0 20 15 19 12 3 10 
inf 14 6 19 11 5 20 0 23 18 27 23 28 
inf 9 20 18 16 18 15 23 0 13 7 12 5 
inf 4 15 6 11 13 19 18 13 0 17 16 18 
inf 13 24 23 20 22 12 27 7 17 0 9 2 
inf 12 23 21 13 18 3 23 12 16 9 0 7 
inf 14 25 23 20 23 10 28 5 18 2 7 0 
