0 inf inf inf inf inf inf inf inf inf inf inf inf inf 
inf 0 5 7 10 19 13 14 19 37 22 37 30 44 
inf 5 0 12 15 24 8 9 14 32 21 36 25 39 
inf 7 12 0 17 26 11 21 26 44 24 39 28 42 
inf 10 15 17 0 11 23 24 29 47 14 29 40 41 
inf 19 24 26 11 0 16 33 38 38 3 18 33 30 
inf 13 8 11 23 16 0 17 22 39 13 28 17 31 
inf 14 9 21 24 33 17 0 23 30 30 45 34 38 
inf 19 14 26 29 38 22 23 0 18 35 38 21 26 
inf 37 32 44 47 38 39 30 18 0 35 20 22 8 
inf 22 21 24 14 3 13 30 35 35 0 15 30 27 
inf 37 36 39 29 18 28 45 38 20 15 0 19 12 
inf 30 25 28 40 33 17 34 21 22 30 19 0 14 
inf 44 39 42 41 30 31 38 26 8 27 12 14 0 
