0 inf inf inf inf inf inf inf inf inf inf inf inf 
inf 0 13 19 9 14 7 11 19 11 19 25 4 
inf 13 0 18 9 23 17 21 21 2 18 16 14 
inf 19 18 0 20 5 12 16 24 20 25 25 15 
inf 9 9 20 0 15 8 12 20 11 21 25 5 
inf 14 23 5 15 0 7 11 19 25 20 20 10 
inf 7 17 12 8 7 0 4 12 18 13 22 3 
inf 11 21 16 12 11 4 0 8 22 9 18 7 
inf 19 21 24 20 19 12 8 0 19 3 10 15 
inf 11 2 20 11 25 18 22 19 0 16 14 15 
inf 19 18 25 21 20 13 9 3 16 0 12 16 
inf 25 16 25 25 20 22 18 10 14 12 0 25 
inf 4 14 15 5 10 3 7 15 15 16 25 0 
