0 inf inf inf inf inf inf inf inf inf inf inf inf 
inf 0 13 10 17 14 7 11 19 11 19 25 4 
inf 13 0 23 9 27 20 24 21 2 18 16 17 
inf 10 23 0 20 5 9 13 21 21 24 25 6 
inf 17 9 20 0 25 24 28 30 11 27 25 21 
inf 14 27 5 25 0 7 11 19 25 22 20 10 
inf 7 20 9 24 7 0 4 12 18 15 22 3 
inf 11 24 13 28 11 4 0 8 22 11 18 7 
inf 19 21 21 30 19 12 8 0 19 3 10 15 
inf 11 2 21 11 25 18 22 19 0 16 14 15 
inf 19 18 24 27 22 15 11 3 16 0 12 18 
inf 25 16 25 25 20 22 18 10 14 12 0 25 
inf 4 17 6 21 10 3 7 15 15 18 25 0 
