0 inf inf inf inf inf inf inf inf inf inf inf 
inf 0 13 20 17 15 4 19 22 15 19 29 
inf 13 0 18 9 23 17 29 21 2 18 16 
inf 20 18 0 20 5 16 34 35 20 36 25 
inf 17 9 20 0 25 21 36 30 11 27 25 
inf 15 23 5 25 0 11 29 30 25 32 20 
inf 4 17 16 21 11 0 18 26 19 23 31 
inf 19 29 34 36 29 18 0 8 27 11 18 
inf 22 21 35 30 30 26 8 0 19 3 10 
inf 15 2 20 11 25 19 27 19 0 16 14 
inf 19 18 36 27 32 23 11 3 16 0 12 
inf 29 16 25 25 20 31 18 10 14 12 0 
