0 inf inf inf inf inf inf inf inf inf inf inf inf inf 
inf 0 13 19 17 14 7 11 19 15 19 29 4 23 
inf 13 0 18 9 23 20 24 21 2 18 16 17 15 
inf 19 18 0 20 5 12 16 24 20 27 25 15 22 
inf 17 9 20 0 23 24 28 30 11 27 25 21 6 
inf 14 23 5 23 0 7 11 19 25 22 20 10 17 
inf 7 20 12 24 7 0 4 12 22 15 22 3 22 
inf 11 24 16 28 11 4 0 8 26 11 18 7 26 
inf 19 21 24 30 19 12 8 0 19 3 10 15 34 
inf 15 2 20 11 25 22 26 19 0 16 14 19 17 
inf 19 18 27 27 22 15 11 3 16 0 12 18 33 
inf 29 16 25 25 20 22 18 10 14 12 0 25 31 
inf 4 17 15 21 10 3 7 15 19 18 25 0 19 
inf 23 15 22 6 17 22 26 34 17 33 31 19 0 
