0 inf inf inf inf inf inf inf inf inf inf inf inf 
inf 0 13 20 17 15 20 19 22 15 19 17 4 
inf 13 0 18 9 23 19 23 21 2 18 16 17 
inf 20 18 0 20 5 28 32 35 20 36 25 16 
inf 17 9 20 0 25 28 32 30 11 27 25 21 
inf 15 23 5 25 0 23 27 30 25 32 20 11 
inf 20 19 28 28 23 0 4 12 17 15 3 22 
inf 19 23 32 32 27 4 0 8 21 11 7 18 
inf 22 21 35 30 30 12 8 0 19 3 10 26 
inf 15 2 20 11 25 17 21 19 0 16 14 19 
inf 19 18 36 27 32 15 11 3 16 0 12 23 
inf 17 16 25 25 20 3 7 10 14 12 0 21 
inf 4 17 16 21 11 22 18 26 19 23 21 0 
